date,prod_4_unit_price,prod_5_unit_price,prod_6_unit_price,prod_7_unit_price,prod_8_unit_price,prod_9_unit_price,prod_11_unit_price,prod_0_unit_price,prod_2_unit_price,prod_10_unit_price,prod_3_unit_price,prod_1_unit_price,prod_15_unit_price
2020-01-12,1.65,2.56,3.37,3.77,4.57,2.84,4.83,4.33,1.26,3.2100000000000004,3.8399999999999994,4.27,
2020-01-19,1.65,2.56,3.37,3.82,4.57,2.84,4.83,4.33,1.26,3.21,3.84,4.27,
2020-01-26,1.6499999999999997,2.56,3.3699999999999997,3.82,4.57,2.84,4.83,4.33,1.26,3.2099999999999995,3.86,4.27,
2020-02-02,1.65,2.56,3.37,3.82,4.57,2.84,4.83,4.33,1.26,3.21,3.86,4.27,
2020-02-09,1.65,2.56,3.37,3.8199999999999994,4.57,2.84,4.83,4.33,1.26,3.21,3.8600000000000003,4.27,
2020-02-16,1.6499999999999997,2.56,3.3699999999999997,3.82,4.57,2.84,4.83,4.33,1.26,3.2099999999999995,3.86,4.27,4.31
2020-02-23,1.65,2.56,3.38,3.8199999999999994,4.57,2.84,4.83,4.33,1.26,3.21,3.8600000000000003,4.27,4.31
2020-03-01,1.65,2.56,3.38,3.8199999999999994,4.57,2.84,4.83,4.33,1.26,3.21,3.8600000000000003,4.27,4.31
2020-03-08,1.65,2.56,3.38,3.82,4.57,2.8400000000000003,4.83,4.33,1.26,3.21,3.86,4.27,4.31
2020-03-15,1.65,2.56,3.38,3.82,4.57,2.84,4.83,4.33,1.26,3.21,3.86,4.27,4.31
2020-03-22,1.65,2.56,3.3799999999999994,3.82,4.57,2.84,4.83,4.33,1.26,3.21,3.86,4.29,4.31
2020-03-29,1.6499999999999997,2.56,3.3800000000000003,3.82,4.57,2.84,4.83,4.33,1.26,3.2099999999999995,3.86,4.29,4.31
2020-04-05,1.65,2.56,3.38,3.8199999999999994,4.57,2.84,4.83,4.33,1.26,3.21,3.8600000000000003,4.29,4.31
2020-04-12,1.65,2.56,3.38,3.87,4.570000000000001,2.8399999999999994,4.83,4.33,1.26,3.21,3.86,4.29,4.31
2020-04-19,1.65,,3.38,3.87,4.57,2.84,4.83,4.33,1.26,3.21,3.86,4.29,4.31
2020-04-26,1.65,2.56,3.38,3.87,4.57,2.84,4.83,4.6,1.31,3.21,3.8600000000000003,4.29,4.31
2020-05-03,1.6499999999999997,2.56,3.3800000000000003,3.8699999999999997,4.57,2.84,4.83,4.6,1.31,3.2099999999999995,3.86,4.29,4.31
2020-05-10,1.65,2.56,3.38,3.87,4.57,2.84,4.83,4.6,1.31,3.21,3.8600000000000003,4.29,4.31
2020-05-17,1.65,2.56,3.38,3.8700000000000006,4.57,2.84,4.83,4.6,1.31,3.21,3.98,4.29,4.31
2020-05-24,1.65,2.56,3.38,3.87,4.57,2.84,,4.6,1.31,3.21,3.98,4.29,4.31
2020-05-31,,2.56,3.3800000000000003,3.8699999999999997,4.57,2.84,4.83,4.6,1.36,3.2099999999999995,3.98,4.29,4.31
2020-06-07,1.6499999999999997,2.56,3.3800000000000003,3.8699999999999997,4.57,2.84,4.83,4.6,1.36,3.2099999999999995,3.98,4.29,4.31
2020-06-14,1.65,2.56,3.38,3.87,4.57,2.84,4.83,4.6,1.36,3.21,3.98,4.29,4.31
2020-06-21,1.65,2.56,3.38,3.87,4.57,2.84,4.83,4.6,1.36,3.21,3.98,4.29,4.31
2020-06-28,1.65,2.56,3.38,3.87,4.57,2.84,4.83,4.6,1.36,3.21,3.9799999999999995,4.29,4.31
2020-07-05,1.65,2.56,3.38,3.87,4.57,2.84,4.83,4.6,1.36,3.21,3.9800000000000004,4.29,4.31
2020-07-12,1.65,2.56,3.38,3.87,4.57,2.84,4.83,4.6,1.36,3.2100000000000004,3.98,4.29,4.31
2020-07-19,1.65,2.68,3.38,3.87,4.57,2.8400000000000003,4.83,4.6,1.3599999999999999,3.21,3.98,4.29,4.31
2020-07-26,1.65,2.68,3.38,3.8699999999999997,4.57,2.84,4.83,4.6,1.63,3.21,3.98,4.29,4.31
2020-08-02,1.65,2.68,3.3800000000000003,3.8699999999999997,4.57,2.84,4.83,4.6,1.63,3.21,3.98,4.29,4.31
2020-08-09,1.65,2.68,3.38,3.87,4.57,2.84,4.83,4.6,1.63,3.21,3.9800000000000004,4.29,4.31
2020-08-16,1.65,2.68,3.38,3.87,4.57,2.84,4.83,4.6,1.6299999999999997,3.21,3.9799999999999995,4.29,4.31
2020-08-23,1.6499999999999997,2.68,3.3800000000000003,3.8699999999999997,4.57,2.84,4.83,4.6,1.63,3.2099999999999995,3.98,4.29,4.31
2020-08-30,1.65,2.68,3.38,3.87,4.570000000000001,2.8399999999999994,4.83,4.6,1.63,3.21,3.98,4.29,4.31
2020-09-06,1.65,2.68,3.38,,4.57,2.84,4.83,4.6,1.6299999999999997,3.21,3.9799999999999995,4.29,4.31
2020-09-13,1.65,2.73,3.38,3.87,4.57,2.84,4.83,4.6,1.63,3.21,3.98,4.29,4.31
2020-09-20,1.65,2.73,3.38,3.87,4.57,2.84,4.83,4.6,1.6300000000000001,3.21,3.98,4.31,4.31
2020-09-27,1.65,2.73,3.38,3.87,4.57,2.84,4.83,4.6,1.6299999999999997,3.21,3.9800000000000004,4.31,4.31
2020-10-04,1.65,2.73,3.38,3.87,4.57,2.84,4.83,4.6,1.6299999999999997,3.21,3.9799999999999995,4.31,4.31
2020-10-11,1.65,2.73,3.38,3.87,4.57,2.84,4.83,4.6,1.63,3.21,3.98,4.31,4.31
2020-10-18,1.65,2.73,3.38,3.8699999999999997,4.57,2.84,4.83,4.6,1.63,3.21,3.98,4.31,4.31
2020-10-25,1.65,2.73,3.38,3.87,4.57,2.84,4.83,4.6,1.63,3.2100000000000004,3.98,4.31,4.31
2020-11-01,1.65,2.73,3.6500000000000004,3.8699999999999997,4.57,2.84,4.83,4.6,1.63,3.21,3.98,4.31,4.31
2020-11-08,1.65,2.73,3.6499999999999995,3.87,4.57,2.8400000000000003,4.83,4.6,1.63,3.21,3.98,4.31,4.31
2020-11-15,1.6499999999999997,2.73,3.65,3.8699999999999997,4.57,2.84,4.83,4.6,1.63,3.2099999999999995,3.98,4.31,4.31
2020-11-22,1.65,2.73,3.6500000000000004,3.8699999999999997,4.57,2.84,4.83,4.6,1.63,3.21,3.98,4.31,4.31
2020-11-29,1.65,2.73,3.65,3.87,4.57,2.84,4.83,4.6,1.6299999999999997,3.21,3.9799999999999995,4.31,4.31
2020-12-06,1.65,2.73,3.65,3.9200000000000004,4.57,2.84,,4.6,1.6299999999999997,3.21,3.9900000000000007,4.31,4.31
2020-12-13,1.65,2.73,3.65,3.92,4.57,2.84,4.83,4.6,1.9,3.21,3.99,4.31,4.31
2020-12-20,1.65,2.73,3.6499999999999995,3.92,4.57,2.8400000000000003,4.83,4.6,1.9,3.21,3.99,4.31,4.31
2020-12-27,1.65,2.73,3.65,3.9199999999999995,4.57,2.84,4.83,4.6,1.9,3.21,3.9899999999999998,4.31,4.31
2021-01-03,1.65,2.73,3.65,3.92,4.57,2.84,4.83,4.6,1.9,3.21,3.99,4.31,4.31
2021-01-10,1.65,2.73,3.6499999999999995,3.92,4.57,2.8400000000000003,4.83,4.6,1.9,3.21,3.99,4.31,4.31
2021-01-17,1.65,2.73,3.6500000000000004,3.92,4.57,2.84,4.83,4.6,1.8999999999999997,3.21,3.99,4.31,4.31
2021-01-24,1.65,2.73,3.65,3.9200000000000004,4.57,2.84,4.83,4.6,1.9000000000000001,3.21,3.99,4.31,4.31
2021-01-31,1.65,2.73,3.6499999999999995,3.92,4.57,2.8400000000000003,4.83,4.6,1.9,3.21,3.99,4.31,4.31
2021-02-07,1.65,2.73,3.65,3.92,4.570000000000001,2.8399999999999994,4.83,4.6,1.9,3.21,3.99,4.31,4.31
2021-02-14,1.65,2.85,3.65,3.92,4.57,2.84,4.83,4.6,1.9,3.21,3.9899999999999998,4.31,4.31
2021-02-21,1.6499999999999997,2.85,3.65,3.92,4.57,2.84,4.83,4.6,1.8999999999999997,3.2099999999999995,3.99,4.31,4.31
2021-02-28,1.65,2.8500000000000005,3.6499999999999995,3.92,4.57,2.8400000000000003,4.83,4.6,1.9,3.21,3.99,4.31,4.31
2021-03-07,1.65,2.85,3.65,3.92,4.570000000000001,2.8399999999999994,4.83,4.6,1.9,3.21,3.99,4.31,4.31
2021-03-14,1.6499999999999997,2.85,3.65,3.92,4.57,2.84,4.83,4.6,1.8999999999999997,3.2099999999999995,3.99,4.31,4.31
2021-03-21,1.65,2.85,3.65,3.9199999999999995,4.57,2.84,4.83,4.6,1.9,3.21,3.9899999999999998,4.31,4.31
2021-03-28,1.65,2.85,3.6500000000000004,3.92,4.57,2.84,4.83,4.6,1.8999999999999997,3.21,3.99,4.31,4.31
2021-04-04,1.65,,3.65,3.92,4.57,2.84,4.83,4.6,1.9,3.21,3.99,4.31,4.31
2021-04-11,1.65,2.85,3.6500000000000004,3.92,4.57,2.84,4.83,4.6,1.8999999999999997,3.21,3.99,4.31,4.31
2021-04-18,1.65,2.85,3.65,3.92,4.57,2.84,4.83,4.6,1.9,3.21,,4.31,4.31
2021-04-25,1.65,2.85,3.65,3.92,4.57,2.84,4.83,4.6,1.9,3.2100000000000004,3.99,4.31,4.31
2021-05-02,1.6499999999999997,2.85,3.65,3.92,4.57,2.84,4.83,4.6,1.8999999999999997,3.2099999999999995,3.99,4.31,4.31
2021-05-09,1.6499999999999997,2.85,3.65,3.92,4.57,2.84,4.83,4.6,1.8999999999999997,3.2099999999999995,3.99,4.31,4.31
2021-05-16,1.6499999999999997,2.85,3.65,3.92,4.57,2.84,4.83,4.6,1.8999999999999997,3.2099999999999995,3.99,4.31,4.31
2021-05-23,1.65,2.85,3.65,3.92,4.570000000000001,2.8399999999999994,4.83,4.6,1.9,3.21,3.99,4.31,4.31
2021-05-30,1.6499999999999997,2.85,3.65,3.92,4.57,2.84,4.83,4.6,1.8999999999999997,3.2099999999999995,3.99,4.31,4.31
2021-06-06,1.65,2.85,3.65,3.9199999999999995,4.57,2.84,4.83,4.6,1.9,3.21,3.9899999999999998,4.31,4.31
2021-06-13,1.65,2.85,3.65,3.92,4.57,2.84,4.83,4.6,1.9,3.21,3.99,4.31,4.31
2021-06-20,1.65,2.85,3.65,3.9200000000000004,4.57,2.84,4.83,4.6,1.9,3.21,3.9900000000000007,4.31,4.31
2021-06-27,1.6499999999999997,2.85,3.65,3.92,4.57,2.84,4.83,4.6,1.8999999999999997,3.2099999999999995,3.99,4.31,4.31
2021-07-04,1.65,2.85,3.6500000000000004,3.92,4.57,2.84,4.83,4.6,1.8999999999999997,3.21,3.99,4.31,4.31
2021-07-11,1.65,2.85,3.65,3.92,4.57,2.84,4.83,4.6,1.9,3.21,3.99,4.31,4.31
2021-07-18,1.65,2.85,3.65,3.92,4.570000000000001,2.8399999999999994,4.83,4.6,1.9,3.21,4.01,4.31,4.31
2021-07-25,1.65,2.85,3.65,3.92,4.57,2.84,4.83,4.6,1.9,3.21,4.01,4.31,4.31
2021-08-01,1.65,2.85,3.65,3.92,4.57,2.84,4.83,4.6,1.9,3.21,4.01,4.31,4.31
2021-08-08,1.65,2.85,3.65,3.92,4.57,2.84,4.83,4.6,1.9,3.21,4.01,4.31,4.31
2021-08-15,1.65,2.85,3.65,4.42,4.57,2.84,4.83,4.6,1.9,3.2100000000000004,4.01,4.31,4.31
2021-08-22,1.65,2.85,3.65,4.42,4.57,2.84,4.83,4.6,1.9,3.21,4.01,4.31,4.31
2021-08-29,1.65,2.85,3.65,4.47,4.57,2.84,4.83,4.6,1.9,3.21,4.01,4.31,4.31
2021-09-05,1.6499999999999997,2.85,3.65,4.47,4.57,2.84,4.83,4.6,1.8999999999999997,3.2099999999999995,4.01,4.31,4.31
2021-09-12,1.65,2.8500000000000005,3.6499999999999995,4.47,4.57,2.8400000000000003,4.83,4.6,1.9,3.21,4.01,4.31,4.31
2021-09-19,1.65,2.85,3.65,4.47,4.57,2.84,4.83,4.6,1.9,3.21,4.06,4.31,4.31
2021-09-26,1.65,2.85,3.65,4.47,4.57,2.84,4.83,4.72,1.9,3.2100000000000004,4.06,4.31,4.31
2021-10-03,1.65,2.85,3.6500000000000004,4.47,4.57,2.84,4.83,4.72,1.8999999999999997,3.21,4.06,4.31,4.31
2021-10-10,1.65,2.85,3.7,4.47,4.57,2.84,4.83,4.72,1.9,3.2100000000000004,4.06,4.31,4.31
2021-10-17,1.65,2.85,3.7,4.47,4.57,2.84,4.83,4.72,1.9,3.21,4.06,4.31,4.31
2021-10-24,1.65,2.85,3.7,4.47,4.57,2.84,4.83,4.72,1.9,3.21,4.06,4.31,4.31
2021-10-31,1.65,2.85,3.7,4.47,4.57,2.84,4.83,4.72,1.9,3.21,4.06,4.31,4.31
2021-11-07,1.65,2.85,3.7,4.59,4.57,2.84,4.83,4.72,1.9,3.21,4.06,4.31,4.31
2021-11-14,1.65,2.85,4.2,4.59,4.57,2.84,4.83,4.72,1.9,3.21,4.06,4.31,4.31
2021-11-21,1.65,2.85,4.47,4.59,4.57,2.84,4.83,4.72,1.9,3.21,4.06,,4.31
2021-11-28,1.65,2.8500000000000005,4.47,4.59,4.57,2.8400000000000003,4.83,4.72,1.9,3.21,4.06,4.31,4.31
2021-12-05,1.65,2.85,4.47,4.59,4.570000000000001,2.8399999999999994,4.83,4.72,1.9,3.21,4.06,4.31,4.31
2021-12-12,1.65,,,,4.57,2.84,,,1.9,3.21,4.06,4.31,4.31
2021-12-19,1.65,2.85,4.47,4.59,4.57,2.84,4.83,4.72,1.9,3.21,4.06,4.31,4.31
2021-12-26,1.65,2.85,4.47,4.59,4.57,2.84,4.83,4.72,1.9,3.21,4.06,4.31,4.31
2022-01-02,1.65,2.85,4.47,4.59,4.57,2.84,4.83,4.72,1.9,3.21,4.06,4.31,4.31
2022-01-09,1.65,2.85,4.47,4.59,4.57,2.84,4.83,4.72,1.9,3.21,4.06,4.31,4.31
2022-01-16,1.65,2.85,4.47,4.59,4.57,2.84,4.83,4.72,1.9,3.21,4.06,4.31,4.31
2022-01-23,,2.85,4.47,4.59,4.57,2.84,4.83,,1.9,,4.06,4.31,4.31
2022-01-30,1.65,2.85,4.47,4.589999999999999,4.57,2.84,4.83,4.72,1.9,3.21,4.06,4.31,4.31
2022-02-06,1.65,2.85,4.47,4.59,4.57,2.84,4.83,4.72,1.9,3.21,4.06,4.31,4.31
2022-02-13,1.6499999999999997,2.85,4.47,4.59,4.57,2.84,4.83,4.72,1.8999999999999997,3.2099999999999995,4.06,4.31,4.31
2022-02-20,1.65,2.85,4.47,4.59,4.57,2.84,4.83,4.72,1.9,3.21,4.06,4.31,4.31
2022-02-27,1.67,2.85,4.47,4.589999999999999,4.57,2.84,4.83,4.72,1.9,3.21,4.06,4.31,4.31
2022-03-06,1.67,2.85,4.52,4.59,4.57,2.84,4.83,4.72,1.8999999999999997,3.2099999999999995,4.06,4.31,4.31
2022-03-13,1.67,2.85,4.79,4.59,4.57,2.84,4.83,4.72,1.8999999999999997,3.2099999999999995,4.11,4.31,4.31
2022-03-20,1.67,2.85,4.79,4.59,4.57,2.84,4.83,4.72,1.8999999999999997,3.2099999999999995,4.11,4.31,4.31
2022-03-27,1.67,2.85,4.79,4.59,4.57,2.84,4.83,4.72,1.9,3.21,4.11,4.31,4.31
2022-04-03,1.6699999999999997,2.85,4.79,4.59,4.570000000000001,2.8399999999999994,4.83,4.72,1.9,3.21,4.11,4.31,4.31
2022-04-10,1.67,2.85,4.79,4.59,4.57,2.84,4.83,4.72,1.9,3.21,4.11,4.31,4.31
2022-04-17,1.6700000000000002,2.8500000000000005,4.79,4.59,4.57,2.8400000000000003,4.83,4.72,1.9,3.21,4.11,4.31,4.31
2022-04-24,1.6700000000000002,2.8500000000000005,4.79,4.59,4.57,2.8400000000000003,4.83,4.72,1.9,3.21,4.11,4.31,4.31
2022-05-01,1.67,2.86,4.79,4.59,4.57,2.84,4.83,4.72,1.9,3.21,4.11,4.31,4.31
2022-05-08,1.67,2.86,4.79,4.59,4.57,2.84,4.83,4.72,1.8999999999999997,3.21,4.11,4.31,4.31
2022-05-15,1.67,2.86,4.79,4.59,4.57,2.84,4.83,4.72,1.9,3.21,4.11,4.31,4.31
2022-05-22,1.67,2.86,4.79,4.59,4.57,2.84,4.83,4.72,1.9000000000000001,3.21,4.11,4.31,4.31
2022-05-29,1.67,2.86,4.79,4.59,4.57,2.84,4.83,4.72,1.9,3.21,4.11,4.31,4.31
2022-06-05,1.67,2.86,4.79,4.59,4.57,2.84,4.83,4.72,1.9,3.21,4.11,4.31,4.31
2022-06-12,1.6699999999999997,2.86,4.79,4.59,4.57,2.84,4.83,4.72,1.9,3.2100000000000004,4.11,4.31,4.31
2022-06-19,1.72,2.86,4.79,4.59,4.57,2.84,4.83,4.72,1.9,3.21,4.11,4.31,4.31
2022-06-26,1.72,2.86,4.79,4.59,4.57,2.84,4.83,4.72,1.9,3.21,4.11,4.31,4.31
2022-07-03,1.72,2.86,4.79,4.59,4.57,2.84,,4.72,1.9,3.21,4.11,4.31,4.31
2022-07-10,1.72,2.86,4.79,4.59,4.57,2.84,4.83,4.72,1.8999999999999997,3.21,4.11,4.31,4.31
2022-07-17,1.72,2.8699999999999997,4.79,4.59,4.57,2.84,4.83,4.72,1.8999999999999997,3.2099999999999995,4.11,4.31,4.31
2022-07-24,1.72,2.87,4.79,4.59,4.57,2.84,4.83,4.72,1.9,3.21,4.11,4.31,4.31
2022-07-31,1.72,2.87,4.79,4.589999999999999,4.57,2.84,4.83,4.72,1.9,3.21,4.11,4.31,4.31
2022-08-07,1.72,2.87,4.79,4.59,4.57,2.84,,4.77,1.9,3.21,4.11,4.31,4.31
2022-08-14,1.72,2.87,4.79,4.59,4.57,2.84,4.83,4.77,1.9,3.21,4.11,4.31,4.31
2022-08-21,1.72,2.87,4.79,4.59,4.57,2.84,4.83,4.77,1.8999999999999997,3.21,4.11,4.31,4.31
2022-08-28,1.99,2.87,4.79,4.59,4.57,2.84,4.83,4.77,1.9,3.2100000000000004,4.11,4.31,4.31
2022-09-04,1.9900000000000002,2.87,4.79,4.59,4.57,2.84,4.83,4.77,1.9000000000000001,3.21,4.11,4.31,4.31
2022-09-11,1.99,2.87,4.79,4.59,4.570000000000001,2.8399999999999994,4.83,4.77,1.9,3.21,4.11,4.31,4.31
2022-09-18,1.99,2.87,4.79,4.59,4.57,2.84,4.83,4.77,1.9,3.21,4.11,4.31,4.31
2022-09-25,1.99,2.87,4.79,4.59,4.57,2.84,4.83,4.77,1.9,3.21,4.11,4.31,4.31
2022-10-02,1.9899999999999998,2.87,4.79,4.59,4.57,2.84,4.83,4.77,1.9,3.21,4.11,4.31,4.31
2022-10-09,1.99,2.92,4.79,4.59,4.57,2.84,4.83,4.77,1.8999999999999997,3.21,4.11,4.31,4.31
2022-10-16,1.99,2.92,4.79,4.59,4.57,2.84,4.83,4.77,1.8999999999999997,3.21,4.11,4.31,4.31
2022-10-23,2.26,2.92,4.79,4.59,4.57,2.84,4.83,4.77,1.9,3.21,4.11,4.31,4.31
2022-10-30,2.26,2.92,4.79,4.86,4.57,2.84,4.83,4.77,1.9,3.21,4.11,4.31,4.31
2022-11-06,2.26,2.92,4.79,4.86,4.57,,4.83,,1.9,3.21,,4.31,4.31
2022-11-13,2.26,2.92,4.79,4.86,4.570000000000001,2.8399999999999994,4.83,4.77,1.9,3.21,4.11,4.31,4.31
2022-11-20,2.26,2.92,4.79,4.86,4.57,2.84,4.83,4.77,1.8999999999999997,3.2099999999999995,4.11,4.31,4.31
2022-11-27,2.26,2.92,4.79,4.86,4.57,2.84,4.83,4.77,1.8999999999999997,3.21,4.11,4.31,4.31
2022-12-04,2.26,2.9199999999999995,4.79,4.86,4.57,2.84,4.83,4.7700000000000005,1.9,3.21,4.11,4.31,4.31
2022-12-11,,2.92,4.79,4.86,4.57,2.84,4.83,4.77,1.9,3.21,4.11,4.31,4.31
2022-12-18,2.26,2.9199999999999995,4.79,4.86,4.57,2.84,4.83,4.7700000000000005,1.9,3.21,4.11,4.31,4.31
2022-12-25,2.26,2.92,4.79,4.86,4.57,2.84,4.83,4.77,1.9,3.21,4.11,4.36,4.31
2023-01-01,2.26,2.92,4.79,4.86,4.57,2.84,4.83,4.77,1.9,3.2100000000000004,4.11,4.36,4.31
2023-01-08,2.26,2.92,4.79,4.86,4.57,2.84,4.83,4.77,1.9,3.21,4.11,4.36,4.31
2023-01-15,2.26,2.92,4.79,4.86,4.57,2.84,4.83,4.77,1.9,3.21,4.11,4.36,4.31
2023-01-22,2.26,2.92,4.79,4.86,4.57,2.84,4.83,4.77,1.8999999999999997,3.21,4.11,4.36,4.31
2023-01-29,2.26,2.92,4.79,4.86,4.57,2.84,4.83,4.77,1.8999999999999997,3.2099999999999995,4.11,4.36,4.31
2023-02-05,2.26,2.92,4.79,4.86,4.57,2.84,4.83,4.77,1.9,3.21,4.11,4.36,4.31
2023-02-12,2.26,2.9199999999999995,4.79,4.86,4.57,2.84,4.83,4.7700000000000005,1.9,3.21,4.11,4.36,4.31
2023-02-19,,2.92,,4.86,4.57,2.84,4.83,4.77,1.9,3.21,4.11,4.36,4.31
2023-02-26,2.26,2.92,4.79,4.86,4.57,2.84,4.83,4.77,1.9,3.21,4.11,4.36,4.31
2023-03-05,2.26,2.92,4.79,4.86,4.57,2.84,4.83,4.77,1.8999999999999997,3.21,4.11,4.36,4.31
2023-03-12,2.26,2.92,4.79,4.86,4.57,2.84,4.83,4.77,1.9,3.21,4.11,4.36,4.31
2023-03-19,2.26,2.92,4.79,4.86,4.57,2.84,4.83,4.77,1.9,3.21,4.11,4.36,4.31
2023-03-26,2.26,2.92,4.79,4.86,4.570000000000001,2.8399999999999994,4.83,4.77,1.9,3.21,4.11,4.36,4.31
2023-04-02,2.26,2.9199999999999995,4.79,4.86,4.57,2.84,4.83,4.7700000000000005,1.9,3.21,4.11,4.36,4.31
2023-04-09,2.26,2.92,4.79,4.86,4.57,2.84,4.83,4.77,1.9,3.21,4.11,4.36,4.31
2023-04-16,2.26,2.92,4.79,4.86,4.57,2.84,4.83,4.77,1.8999999999999997,3.21,4.11,4.36,4.31
2023-04-23,2.26,2.92,4.79,4.86,4.57,2.84,4.83,4.77,1.9,3.21,4.11,4.36,4.31
2023-04-30,2.26,2.9199999999999995,4.79,4.86,4.57,2.84,4.83,4.7700000000000005,1.9,3.21,4.11,4.36,4.31
2023-05-07,2.26,2.92,4.79,4.86,4.57,2.84,4.83,4.77,1.9,3.2100000000000004,4.11,4.36,4.31
2023-05-14,2.26,2.92,4.79,4.86,4.570000000000001,2.8399999999999994,4.83,4.77,1.9,3.21,4.11,4.36,4.31
2023-05-21,2.26,2.92,4.79,4.86,4.57,2.84,4.83,4.77,1.8999999999999997,3.2099999999999995,4.11,4.36,4.31
2023-05-28,2.26,2.92,4.79,4.86,4.57,2.84,4.83,4.77,1.9,3.21,4.11,4.36,4.31
2023-06-04,2.26,2.92,4.79,4.86,4.57,2.84,4.83,4.77,1.9,3.21,4.11,4.36,4.31
2023-06-11,2.26,2.9199999999999995,4.79,4.86,4.57,2.84,4.83,4.7700000000000005,1.9,3.21,4.11,4.36,4.31
2023-06-18,2.26,2.92,4.79,4.86,4.57,2.84,4.83,4.77,1.9,3.21,4.11,4.36,4.31
2023-06-25,2.26,2.92,4.79,4.86,4.57,2.84,4.83,5.04,1.8999999999999997,3.2099999999999995,4.11,4.36,4.31
2023-07-02,2.26,2.92,4.79,4.86,4.57,2.84,4.83,5.04,1.9,3.21,4.11,4.36,4.31
2023-07-09,2.28,2.92,4.91,4.86,4.57,2.84,4.83,5.04,1.9000000000000001,3.21,4.11,4.36,4.31
2023-07-16,2.28,2.92,4.91,4.86,4.57,2.84,4.83,5.04,1.8999999999999997,3.2099999999999995,4.11,4.36,4.31
2023-07-23,2.28,2.92,4.91,4.86,4.57,2.84,4.83,5.04,1.9,3.21,4.11,4.36,4.31
2023-07-30,2.28,2.92,4.91,4.86,4.57,2.8400000000000003,4.83,5.04,1.9,3.21,4.12,4.36,4.31
2023-08-06,2.28,2.92,4.91,4.86,4.57,2.84,4.83,5.04,1.9,3.21,4.12,4.36,4.31
2023-08-13,2.28,2.92,4.91,4.86,4.57,2.84,4.83,5.04,1.9,3.21,4.12,4.36,4.31
2023-08-20,2.28,2.9199999999999995,4.910000000000001,4.86,4.57,2.84,4.83,5.04,1.9,3.21,4.12,4.36,4.31
2023-08-27,2.28,2.92,4.91,4.86,4.57,2.84,4.83,5.04,1.8999999999999997,3.21,4.12,4.36,4.31
2023-09-03,2.28,2.92,4.91,4.86,4.57,2.84,4.83,5.04,1.8999999999999997,3.2099999999999995,4.12,4.38,4.31
2023-09-10,2.28,2.92,4.91,4.86,4.57,2.84,4.83,5.04,1.9,3.21,4.12,4.38,4.31
2023-09-17,2.28,2.9199999999999995,4.910000000000001,4.86,4.57,2.84,4.83,5.04,1.9,3.21,4.12,4.38,4.31
2023-09-24,2.28,2.92,4.91,4.86,4.57,2.84,4.83,5.04,1.9,3.21,4.12,4.38,4.31
2023-10-01,2.28,2.92,4.91,4.86,4.57,2.84,4.83,5.04,1.9,3.2100000000000004,4.62,4.38,4.31
2023-10-08,2.28,2.92,4.91,4.86,4.57,2.84,4.83,5.04,1.9,3.21,4.62,4.38,4.31
2023-10-15,2.28,2.92,4.91,4.86,4.57,2.84,4.83,5.04,1.9000000000000001,3.21,4.62,4.38,4.31
2023-10-22,2.28,2.9199999999999995,4.910000000000001,4.86,4.57,2.84,4.83,5.04,1.9,3.21,4.62,4.38,4.31
2023-10-29,2.28,2.92,4.91,4.86,4.57,2.8400000000000003,4.83,5.04,1.9,3.21,4.62,4.38,4.31
2023-11-05,2.28,2.92,4.91,4.86,4.57,2.84,4.83,5.04,1.9,3.2100000000000004,4.62,4.38,4.31
2023-11-12,2.28,2.93,4.91,4.86,4.57,2.84,,5.04,1.9,3.21,4.62,4.38,4.31
2023-11-19,2.28,2.93,4.91,4.86,4.57,2.84,4.83,5.04,1.9,3.21,4.62,4.38,4.31
2023-11-26,2.28,2.93,4.910000000000001,4.86,4.57,2.84,4.83,5.04,1.9,3.21,4.62,4.38,4.31
2023-12-03,2.28,2.93,4.91,4.86,4.57,2.84,4.83,5.04,1.8999999999999997,3.2099999999999995,4.62,4.38,4.31
2023-12-10,2.28,2.93,4.91,4.86,4.57,2.8400000000000003,4.83,5.04,1.9,3.21,4.62,4.5,4.31
2023-12-17,2.28,2.93,4.91,4.86,4.57,2.84,4.83,5.04,1.9,3.21,4.62,4.5,4.31
2023-12-24,2.28,2.94,4.91,4.86,4.57,2.84,4.83,5.04,1.95,3.21,4.62,4.5,4.31
2023-12-31,2.28,2.94,4.91,4.86,4.570000000000001,2.8399999999999994,4.83,5.04,1.95,3.21,4.62,4.5,4.31
2024-01-07,2.28,2.9400000000000004,4.91,4.86,4.57,2.84,4.83,5.04,1.95,3.21,4.62,4.5,4.31
2024-01-14,2.28,2.94,4.91,4.86,4.57,2.84,4.83,5.04,1.95,3.21,4.62,4.5,4.31
2024-01-21,2.28,2.94,4.91,4.86,4.57,2.84,4.83,5.04,1.95,3.21,4.62,4.5,4.31
2024-01-28,2.28,2.94,4.91,4.86,4.57,2.84,4.83,5.04,1.95,3.21,4.62,4.5,4.31
2024-02-04,2.28,2.94,4.91,4.88,4.57,2.84,4.83,5.04,1.95,3.21,4.62,4.5,4.31
2024-02-11,2.28,2.94,4.91,4.88,4.57,2.84,4.83,5.04,1.9500000000000002,3.21,4.62,4.5,4.31
2024-02-18,2.28,2.94,4.91,4.88,4.57,2.84,4.83,5.04,1.95,3.21,4.62,4.5,4.31
2024-02-25,2.28,2.94,4.91,4.88,4.57,2.84,4.83,5.04,1.95,3.2099999999999995,4.62,4.5,4.31
2024-03-03,2.78,2.94,5.03,4.88,4.57,2.84,4.83,5.04,1.95,3.21,4.62,4.5,4.31
2024-03-10,2.78,2.94,5.03,4.88,4.57,2.85,4.83,5.04,1.95,3.21,4.62,4.5,4.31
2024-03-17,2.78,2.94,5.03,4.88,4.57,2.85,4.83,5.04,1.9499999999999997,3.21,4.62,4.5,4.31
2024-03-24,2.78,2.94,5.03,4.88,4.57,2.85,4.83,5.04,1.95,3.21,4.62,4.5,4.31
2024-03-31,2.78,2.9399999999999995,5.03,4.88,4.57,2.85,4.83,5.04,1.95,3.2100000000000004,4.62,4.5,4.31
2024-04-07,2.78,2.94,5.03,4.88,4.57,2.85,4.83,5.04,1.95,3.21,4.62,4.5,4.31
2024-04-14,2.78,2.94,5.03,4.88,4.57,2.85,4.83,5.04,1.95,3.21,4.62,4.5,4.31
2024-04-21,2.78,2.94,5.03,4.88,4.57,2.85,4.83,5.04,1.95,3.21,4.62,4.5,4.31
2024-04-28,2.78,2.94,5.03,4.88,4.57,2.85,4.83,5.04,1.95,3.21,4.62,4.5,4.31
2024-05-05,2.78,2.9399999999999995,5.03,4.88,4.57,2.85,4.83,5.04,1.95,3.2100000000000004,4.62,4.5,4.31
2024-05-12,2.78,2.94,5.03,4.88,4.57,2.85,4.83,5.04,1.95,3.21,4.62,4.5,4.31
2024-05-19,2.78,2.94,5.03,4.88,4.57,2.85,4.83,5.04,1.95,3.21,4.62,4.5,4.31
2024-05-26,3.05,2.94,5.03,4.88,4.57,2.85,4.83,5.04,1.95,3.21,4.62,4.5,4.31
2024-06-02,3.0500000000000003,2.94,5.03,4.88,4.57,2.85,4.83,5.04,1.95,3.21,4.62,4.5,4.31
2024-06-09,3.05,2.94,5.03,4.88,4.57,2.8500000000000005,4.83,5.04,1.9499999999999997,3.21,4.62,4.5,4.31
2024-06-16,3.05,2.94,5.03,4.88,4.57,2.8500000000000005,4.83,5.54,1.9499999999999997,3.21,4.62,4.5,4.31
2024-06-23,3.05,2.94,5.03,4.88,4.57,2.85,4.83,5.54,1.9500000000000002,3.21,4.62,4.5,4.31
2024-06-30,3.05,2.94,5.03,4.88,4.57,2.85,4.83,5.54,1.95,3.21,4.62,4.5,4.31
2024-07-07,3.0499999999999994,2.94,5.03,4.88,4.57,2.85,4.83,5.54,1.95,3.2099999999999995,4.62,4.5,4.31
2024-07-14,3.05,2.94,5.03,4.88,4.57,2.85,4.83,5.54,1.95,3.21,4.62,4.5,4.31
2024-07-21,3.0499999999999994,2.94,5.03,4.88,4.57,2.85,4.83,,1.95,3.2099999999999995,4.62,4.5,4.31
2024-07-28,3.05,2.94,5.03,4.88,4.57,2.85,4.83,5.54,1.95,3.21,4.62,4.5,4.31
2024-08-04,3.05,2.9399999999999995,5.03,4.88,4.57,2.85,4.83,5.54,1.95,3.2100000000000004,4.62,4.5,4.31
2024-08-11,3.05,2.94,5.03,4.88,4.57,2.85,4.83,5.54,1.95,3.21,4.62,4.5,4.31
2024-08-18,3.05,2.94,5.03,4.88,4.57,2.85,4.83,5.54,1.95,3.21,4.62,4.5,4.31
2024-08-25,3.0499999999999994,2.94,5.05,4.88,4.57,2.85,4.83,5.54,1.95,3.2099999999999995,4.62,4.5,4.31
2024-09-01,3.05,2.94,5.05,4.88,4.57,2.85,4.83,5.54,1.95,3.21,4.62,4.5,4.31
2024-09-08,3.07,2.94,5.05,4.88,4.57,2.85,4.83,5.54,1.95,3.21,4.62,4.5,4.31
2024-09-15,3.07,2.94,5.05,4.88,4.57,2.85,4.83,5.54,1.95,3.21,4.67,4.5,4.31
2024-09-22,3.07,2.94,5.05,4.88,4.57,2.85,4.83,5.54,1.95,3.2099999999999995,4.67,4.5,4.31
2024-09-29,,2.94,5.05,,4.57,2.85,4.83,5.54,1.95,3.2099999999999995,4.67,4.5,4.31
2024-10-06,3.07,2.94,5.05,4.88,4.57,2.85,4.83,5.54,1.95,3.21,4.67,4.5,4.31
2024-10-13,3.07,2.94,5.05,4.89,4.57,2.85,4.83,5.54,1.9499999999999997,3.21,4.67,4.5,4.31
2024-10-20,3.07,2.94,5.05,4.89,4.57,2.85,4.83,5.54,1.95,3.21,4.67,4.5,4.31
2024-10-27,3.07,2.94,5.05,4.89,4.57,2.85,4.83,5.54,1.95,3.21,4.67,4.5,4.31
2024-11-03,3.07,2.9399999999999995,5.05,4.89,4.57,2.85,4.83,5.54,1.95,3.2100000000000004,4.67,4.5,4.31
2024-11-10,3.07,2.94,5.05,4.89,4.57,2.85,4.83,5.54,1.95,3.2099999999999995,4.67,4.5,4.31
2024-11-17,3.07,2.94,5.05,4.89,4.57,2.85,4.83,5.54,1.95,3.2099999999999995,4.67,4.5,4.31
2024-11-24,3.07,2.94,5.05,4.89,4.57,2.85,4.83,5.54,1.95,3.21,4.67,4.5,4.31
2024-12-01,3.07,2.94,5.05,4.89,4.57,2.85,4.83,5.54,1.95,3.21,4.67,4.5,4.31
2024-12-08,3.3400000000000003,2.94,5.049999999999999,4.89,4.57,2.8500000000000005,4.83,5.54,1.9499999999999997,3.21,4.67,4.5,4.31
2024-12-15,3.34,2.94,5.05,4.89,4.57,2.85,4.83,5.54,1.9499999999999997,3.21,4.67,4.5,4.31
2024-12-22,3.3400000000000003,2.94,5.049999999999999,4.89,4.57,2.8500000000000005,4.83,5.54,1.9499999999999997,3.21,4.67,4.5,4.31
2024-12-29,3.34,2.94,5.05,4.89,4.57,2.85,4.83,5.54,1.95,3.2099999999999995,4.67,4.5,4.31
2025-01-05,3.34,2.94,5.05,4.89,4.57,2.85,4.83,5.54,1.95,3.21,4.67,4.5,4.31
2025-01-12,,,5.05,4.89,,2.85,4.83,5.54,1.95,3.21,,4.5,4.31
2025-01-19,3.34,2.94,,4.89,4.57,2.85,4.83,5.54,1.95,,4.67,4.5,4.31
2025-01-26,3.36,2.94,5.05,4.89,4.57,2.85,4.83,5.54,1.95,3.21,4.67,4.5,4.31
2025-02-02,3.36,2.94,5.05,4.89,4.57,2.85,4.83,5.54,1.95,3.21,4.67,4.5,4.31
2025-02-09,3.36,2.94,5.05,4.89,4.57,2.85,4.83,5.54,1.95,3.2099999999999995,4.67,4.5,4.31
2025-02-16,3.36,2.94,5.05,4.89,4.57,2.85,4.83,5.54,1.9500000000000002,3.21,4.67,4.5,4.31
2025-02-23,3.36,2.94,5.05,4.89,4.570000000000001,2.85,4.83,5.54,1.95,3.21,4.67,4.51,4.31
2025-03-02,3.36,2.94,5.05,4.89,4.57,2.85,4.83,5.54,1.95,3.21,4.67,4.51,4.31
2025-03-09,3.36,2.94,5.05,4.89,4.57,2.85,4.83,5.54,1.95,3.21,4.67,4.51,4.31
2025-03-16,3.36,2.94,5.05,4.89,4.57,2.85,4.83,5.54,1.95,3.21,4.67,4.51,4.31
2025-03-23,3.3600000000000003,2.94,5.05,4.89,4.57,2.85,4.83,5.54,1.95,3.21,4.67,4.51,4.31
2025-03-30,3.36,2.94,5.05,4.89,4.57,2.85,4.83,5.54,1.95,3.2099999999999995,4.67,4.51,4.31
2025-04-06,3.36,2.94,5.05,4.89,4.57,2.85,4.83,5.54,1.9500000000000002,3.21,4.67,4.51,4.31
2025-04-13,3.3600000000000003,2.94,5.05,4.89,4.57,2.85,4.83,5.54,1.95,3.21,4.67,4.51,4.31
2025-04-20,3.3600000000000003,2.94,5.05,4.89,4.57,2.85,4.83,5.54,1.95,3.21,4.67,4.51,4.31
2025-04-27,3.36,2.94,5.05,4.89,4.57,2.85,4.83,5.54,1.95,3.21,4.67,4.51,4.31
2025-05-04,3.36,2.94,5.05,4.89,4.57,2.85,4.83,5.54,1.95,3.21,4.67,4.51,4.31
2025-05-11,3.36,2.94,5.05,4.89,4.57,2.85,4.83,5.54,1.95,3.21,4.67,4.51,4.31
2025-05-18,3.36,2.94,5.05,4.89,4.57,2.85,4.83,5.54,1.95,3.21,4.67,4.51,4.31
2025-05-25,3.4100000000000006,2.94,5.05,4.91,4.570000000000001,2.85,4.83,5.54,1.95,3.21,4.67,4.51,4.31
2025-06-01,3.41,2.94,5.05,4.91,4.57,2.85,4.83,5.54,1.95,3.21,4.67,4.51,4.31
2025-06-08,3.41,2.94,5.05,4.910000000000001,4.57,2.85,4.83,5.54,1.95,3.21,4.67,4.51,4.31
2025-06-15,3.41,2.9400000000000004,5.05,4.91,4.57,2.85,4.83,5.54,1.95,3.21,4.67,4.51,4.31
2025-06-22,3.41,2.94,5.05,4.91,4.57,2.85,4.83,5.54,1.9500000000000002,3.21,4.67,4.51,4.31
2025-06-29,3.41,2.94,5.05,4.91,4.57,2.85,4.83,5.54,1.95,3.2099999999999995,4.67,4.51,4.31
2025-07-06,3.4100000000000006,2.94,5.05,4.91,4.570000000000001,2.85,4.83,5.54,1.95,3.21,4.67,4.51,4.31
2025-07-13,3.41,2.94,5.05,4.96,4.57,2.85,4.83,5.54,1.95,3.2099999999999995,4.67,4.51,4.31
2025-07-20,3.41,2.94,5.05,4.96,4.57,2.85,4.83,5.54,1.95,3.21,4.67,4.51,4.31
2025-07-27,3.41,2.94,5.05,4.96,4.57,2.85,4.83,5.54,1.95,3.21,4.67,4.51,4.31
2025-08-03,3.4099999999999997,2.94,5.049999999999999,4.96,4.57,2.8500000000000005,4.83,5.54,1.9499999999999997,3.21,4.67,4.51,4.31
2025-08-10,3.41,2.94,5.05,4.96,4.57,2.85,4.83,5.54,1.95,3.21,4.67,4.51,4.31
2025-08-17,3.41,2.94,5.05,4.96,4.57,2.85,4.83,5.54,1.9500000000000002,3.21,4.67,4.51,4.31
2025-08-24,3.41,2.94,5.17,4.96,4.57,2.85,4.83,5.54,1.95,3.21,4.67,4.51,4.31
2025-08-31,3.4100000000000006,2.9399999999999995,5.17,4.96,4.57,2.85,4.83,5.54,1.95,3.2100000000000004,4.67,4.78,4.31
2025-09-07,3.41,2.94,5.17,4.96,4.57,2.85,4.83,5.54,1.95,3.21,4.67,4.78,4.31
2025-09-14,3.41,2.94,5.17,4.96,4.57,2.85,4.83,5.54,1.95,3.21,4.67,4.78,4.31
2025-09-21,3.41,2.94,5.17,4.96,4.57,2.85,4.83,5.54,1.95,3.21,4.67,4.78,4.31
2025-09-28,3.41,2.94,5.17,4.96,4.57,2.85,4.83,5.54,1.9500000000000002,3.21,4.67,4.78,4.31
2025-10-05,3.41,2.94,5.17,4.96,4.57,2.85,4.83,5.56,1.95,3.21,4.67,4.78,4.31
2025-10-12,3.41,2.94,5.17,4.96,4.57,2.85,4.83,5.559999999999999,1.95,3.21,4.67,4.78,4.31
2025-10-19,3.41,2.94,5.17,4.96,4.57,2.85,4.83,5.56,1.9500000000000002,3.21,4.67,4.78,4.31
2025-10-26,3.41,2.94,5.17,4.96,4.57,2.85,4.83,5.56,1.95,3.21,4.67,4.78,4.31
2025-11-02,3.41,2.9400000000000004,5.17,4.96,4.57,2.85,4.83,5.56,1.95,3.21,4.67,4.78,4.31
2025-11-09,3.41,2.94,5.17,4.96,4.57,2.85,4.83,5.56,1.95,3.2099999999999995,4.67,4.78,4.31
2025-11-16,3.41,2.94,5.17,4.96,4.57,2.85,4.83,5.56,1.95,3.21,4.67,4.78,4.31
2025-11-23,3.4100000000000006,2.9399999999999995,5.17,4.96,4.57,2.85,4.83,5.56,1.9699999999999998,3.2100000000000004,4.67,4.9,4.31
2025-11-30,3.41,2.94,5.17,4.96,4.57,2.85,4.83,5.56,1.97,3.21,4.67,4.9,4.31
2025-12-07,3.41,2.94,5.17,4.96,4.57,2.85,4.83,5.56,1.97,3.2099999999999995,4.67,4.9,4.31
2025-12-14,3.41,2.94,5.17,4.96,4.57,2.85,4.83,5.56,1.97,3.21,4.68,4.9,4.31
2025-12-21,3.4100000000000006,2.9399999999999995,5.17,4.96,4.57,2.85,4.83,5.56,1.9699999999999998,3.2100000000000004,4.68,4.9,4.31
2025-12-28,3.41,2.94,5.17,4.96,4.57,2.85,4.83,5.56,1.97,3.21,4.68,4.9,4.31
2026-01-04,3.41,2.94,5.17,4.96,4.57,2.85,4.83,5.56,1.97,3.21,4.68,4.9,4.31
2026-01-11,3.4099999999999997,2.94,5.17,4.96,4.57,2.8500000000000005,4.83,5.5600000000000005,1.97,3.21,4.68,4.9,4.31
2026-01-18,3.41,2.94,5.17,4.96,4.57,2.85,4.83,5.56,1.97,3.21,4.68,4.9,4.31
2026-01-25,3.41,2.94,5.17,4.96,4.57,2.85,4.83,5.56,1.97,3.21,,4.9,4.31
2026-02-01,3.41,2.94,5.17,4.96,4.57,2.85,4.83,5.56,1.97,3.21,4.68,4.9,4.31
2026-02-08,3.41,2.94,5.17,4.96,4.57,2.85,4.83,5.56,,3.21,4.68,4.9,4.31
2026-02-15,3.4200000000000004,2.94,5.17,4.96,4.57,2.85,4.83,,1.97,3.21,4.68,4.9,4.31
2026-02-22,3.42,2.94,5.17,4.96,4.57,2.8500000000000005,4.83,5.5600000000000005,1.97,3.21,4.68,4.9,4.31
2026-03-01,3.42,2.9399999999999995,5.17,4.96,4.57,2.85,4.83,5.56,1.9699999999999998,3.2100000000000004,4.68,4.9,4.31
2026-03-08,3.4200000000000004,2.94,5.17,4.96,4.57,2.85,4.83,5.56,2.24,3.21,4.68,4.9,4.31
2026-03-15,3.42,2.94,5.17,4.96,4.570000000000001,2.85,4.83,5.56,2.24,3.21,4.679999999999999,4.9,4.31
2026-03-22,3.42,2.94,5.17,4.96,4.57,2.85,4.83,5.56,2.24,3.2099999999999995,4.68,4.9,4.31
2026-03-29,3.42,2.94,5.17,4.96,4.57,2.85,4.83,5.56,2.24,3.2099999999999995,4.68,4.95,4.31
2026-04-05,3.42,2.9400000000000004,5.17,4.96,4.57,2.85,4.83,5.56,2.24,3.21,4.68,4.95,4.31
2026-04-12,3.42,2.9400000000000004,5.17,4.96,4.57,2.85,4.83,5.56,2.24,3.21,4.68,4.95,4.31
2026-04-19,3.4200000000000004,2.94,5.17,4.96,4.57,2.85,4.83,5.56,2.24,3.21,4.68,4.95,4.31
2026-04-26,3.4199999999999995,2.94,5.17,4.96,4.57,2.85,4.83,5.56,2.24,3.21,4.68,4.95,4.31
2026-05-03,3.4200000000000004,2.94,5.17,4.96,4.57,2.85,4.83,5.56,2.24,3.21,4.68,4.95,4.31
2026-05-10,3.42,2.94,5.17,4.96,4.57,2.85,4.83,5.56,2.24,3.21,4.68,4.95,4.31
2026-05-17,3.4200000000000004,2.94,5.22,4.96,4.57,2.85,4.83,5.56,2.24,3.21,4.68,5.07,4.31
2026-05-24,3.4199999999999995,2.94,5.22,4.96,4.57,2.85,4.83,5.56,2.24,3.21,4.68,5.07,4.31
2026-05-31,3.4199999999999995,2.94,5.22,4.96,4.57,2.85,4.83,5.56,2.24,3.21,4.68,5.07,4.31
2026-06-07,3.42,2.94,5.22,4.96,4.57,2.8500000000000005,4.83,5.5600000000000005,2.24,3.21,4.68,5.069999999999999,4.31
2026-06-14,3.4199999999999995,2.94,5.22,4.96,4.57,2.85,4.83,5.56,2.24,3.21,4.68,5.07,4.31
2026-06-21,3.42,2.94,5.22,4.96,4.57,2.85,4.83,5.56,2.24,3.21,4.68,5.07,4.31
2026-06-28,3.42,2.9400000000000004,5.22,4.96,4.57,2.85,4.83,5.56,2.24,3.21,4.68,5.07,4.31
2026-07-05,3.42,2.9399999999999995,5.22,4.96,4.57,2.85,4.83,5.56,2.24,3.2100000000000004,4.68,5.07,4.31
2026-07-12,3.42,2.94,5.22,4.96,4.570000000000001,2.85,4.83,5.56,2.24,3.21,4.679999999999999,5.070000000000001,4.31
2026-07-19,3.42,2.94,5.22,4.96,4.570000000000001,2.85,4.83,5.61,2.24,3.21,4.679999999999999,5.070000000000001,4.31
2026-07-26,3.42,2.94,5.22,4.96,4.57,2.85,4.83,5.61,2.24,3.2099999999999995,4.8,5.07,4.31
2026-08-02,3.4199999999999995,2.94,5.22,4.96,4.57,2.85,4.83,5.61,2.24,3.21,4.8,5.07,4.31
2026-08-09,3.42,2.9500000000000006,5.22,4.96,4.57,2.85,4.83,5.61,2.24,3.2099999999999995,4.8,5.07,4.31
2026-08-16,3.4200000000000004,2.95,5.22,4.96,4.57,2.85,4.83,5.61,2.24,3.21,4.8,5.07,4.31
2026-08-23,3.4200000000000004,2.95,5.22,4.96,4.57,2.85,4.83,5.61,2.24,3.21,4.8,5.07,4.31
2026-08-30,3.42,2.95,5.22,4.96,4.57,2.8500000000000005,4.83,5.61,2.24,3.21,4.8,5.069999999999999,4.31
2026-09-06,3.42,2.9500000000000006,5.22,4.96,4.57,2.85,4.83,5.61,,3.2099999999999995,4.8,5.07,4.31
2026-09-13,3.42,2.95,5.22,4.96,4.57,2.85,4.83,5.61,2.24,3.21,4.8,5.07,4.31
2026-09-20,3.42,2.95,5.22,4.96,4.57,2.85,4.83,5.61,2.24,3.21,4.8,5.07,4.31
2026-09-27,3.4200000000000004,2.95,5.22,4.96,4.57,2.85,4.83,5.61,2.24,3.21,4.8,5.07,4.31
2026-10-04,3.42,2.95,5.22,4.96,4.57,2.85,4.83,5.61,2.24,3.21,4.8,5.07,4.31
2026-10-11,3.4199999999999995,2.95,5.22,4.96,4.57,2.85,4.83,5.61,2.24,3.21,4.8,5.07,4.31
2026-10-18,3.4200000000000004,2.95,5.22,4.96,4.57,2.85,4.83,5.61,2.24,3.21,4.8,5.07,4.31
2026-10-25,3.42,2.95,5.22,4.96,4.57,2.85,4.83,5.61,2.24,3.2100000000000004,4.8,5.07,4.31
2026-11-01,,,,,4.57,2.85,,,,,,,4.31
2026-11-08,3.42,2.95,5.22,4.96,4.57,2.85,4.83,5.61,2.24,3.2100000000000004,4.8,5.07,4.31
2026-11-15,3.4200000000000004,2.95,5.22,4.96,4.57,2.85,4.83,5.61,2.24,3.21,4.8,5.07,4.31
2026-11-22,3.69,2.95,5.339999999999999,4.96,4.57,2.85,4.83,5.61,2.24,3.21,4.8,5.07,4.31
2026-11-29,3.69,2.9500000000000006,5.34,4.96,4.57,2.85,4.83,5.61,2.24,3.2099999999999995,4.8,5.07,4.31
2026-12-06,3.69,2.95,5.34,4.96,4.57,2.8500000000000005,4.83,5.61,2.24,3.21,4.8,5.069999999999999,4.31
2026-12-13,3.6899999999999995,2.95,5.61,4.96,4.57,2.85,4.83,5.66,2.24,3.2100000000000004,4.8,5.09,4.31
2026-12-20,3.69,2.95,5.61,4.96,4.57,2.85,4.83,5.66,2.24,3.21,4.8,5.09,4.31
2026-12-27,3.69,2.95,5.61,4.96,4.57,2.85,4.83,5.66,2.24,3.21,4.8,5.09,4.31
2027-01-03,3.6899999999999995,2.95,5.61,4.96,4.57,2.85,4.83,5.66,2.24,3.2100000000000004,4.8,5.09,4.31
2027-01-10,3.69,2.95,5.61,4.96,4.57,2.85,4.83,5.66,2.24,3.21,4.8,5.09,4.31
2027-01-17,3.69,2.95,5.61,4.96,4.57,2.85,4.83,5.660000000000001,2.24,3.21,4.8,5.089999999999999,4.31
2027-01-24,3.69,2.95,5.61,4.96,4.57,2.85,4.83,5.66,2.24,3.21,4.8,5.09,4.31
2027-01-31,3.69,2.95,5.61,4.96,4.57,2.85,4.83,5.66,2.24,3.21,4.8,5.09,4.31
2027-02-07,3.69,2.95,5.61,4.96,4.57,2.85,4.83,5.66,2.24,3.21,4.8,5.09,4.31
2027-02-14,3.69,2.95,5.61,4.96,4.57,2.8500000000000005,4.83,5.66,2.24,3.21,4.8,5.09,4.31
2027-02-21,3.69,2.95,5.61,4.96,4.57,2.85,4.83,5.66,2.24,3.21,4.8,5.09,4.31
2027-02-28,3.69,3.0,5.61,4.96,4.57,2.85,4.83,5.66,2.24,3.21,4.8,5.09,4.31
2027-03-07,3.69,3.0,5.61,4.96,4.57,2.85,4.83,5.66,2.24,3.2099999999999995,4.8,5.09,4.31
2027-03-14,3.6899999999999995,3.0,5.61,4.96,4.57,2.85,4.83,5.66,2.24,3.2100000000000004,4.8,5.09,4.31
2027-03-21,3.69,3.0,5.61,4.96,4.57,2.85,4.83,5.660000000000001,2.24,3.21,4.8,5.089999999999999,4.31
2027-03-28,3.69,3.0,5.61,4.96,4.57,2.85,4.83,5.66,2.24,3.21,4.8,5.09,4.31
2027-04-04,3.6899999999999995,3.0,5.61,4.96,4.57,2.85,4.83,5.66,2.24,3.2100000000000004,4.8,5.09,4.31
2027-04-11,3.69,3.0,5.61,4.96,4.57,2.85,4.83,5.66,2.24,3.21,4.8,5.09,4.31
2027-04-18,3.69,3.0,5.61,4.96,4.57,2.85,4.83,5.66,2.24,3.21,4.8,5.09,4.31
2027-04-25,3.6899999999999995,3.0,5.61,4.96,4.57,2.85,4.83,5.66,2.24,3.2100000000000004,4.8,5.09,4.31
2027-05-02,3.69,3.0,5.61,4.96,4.57,2.8500000000000005,4.83,5.66,2.24,3.21,4.8,5.09,4.31
2027-05-09,3.69,3.0,5.61,4.96,4.57,2.85,4.83,5.66,2.24,3.21,4.8,5.09,4.31
2027-05-16,3.69,3.0,5.61,4.96,4.57,2.85,4.83,5.66,2.24,3.21,4.8,5.09,4.31
2027-05-23,3.69,3.0,5.61,4.96,4.57,2.85,4.83,5.66,2.24,3.21,4.8,5.09,4.31
2027-05-30,3.69,3.0,5.61,4.96,4.57,2.85,4.83,5.66,2.24,3.21,4.8,5.09,4.31
2027-06-06,3.69,3.0,5.61,4.96,4.57,2.85,4.83,5.66,2.24,3.21,4.8,5.09,4.31
2027-06-13,3.69,3.0,5.61,,4.57,2.85,4.83,5.669999999999999,,3.2099999999999995,4.8,5.14,4.31
2027-06-20,3.69,3.0,5.61,4.96,4.57,2.85,4.83,5.67,2.24,3.21,4.8,5.14,4.31
2027-06-27,3.69,3.0,5.61,4.96,4.570000000000001,2.85,4.83,5.67,2.24,3.21,4.8,5.14,4.31
2027-07-04,4.19,3.0,5.61,4.96,4.57,2.85,4.83,5.67,2.24,3.21,4.8,5.14,4.31
2027-07-11,4.19,3.0,5.63,4.96,4.57,2.85,4.83,5.67,2.24,3.21,4.8,5.14,4.31
2027-07-18,4.19,3.0,5.63,4.96,4.57,2.85,4.83,5.67,2.24,3.21,4.8,5.14,4.31
2027-07-25,4.19,3.0,5.63,4.96,4.57,2.85,4.83,5.67,2.24,3.21,4.8,5.14,4.31
2027-08-01,4.19,3.0,5.63,4.96,4.57,2.85,4.83,5.67,2.24,3.21,,,4.31
2027-08-08,4.19,3.0,5.630000000000001,4.96,4.57,2.85,4.83,5.67,2.24,3.21,4.8,5.14,4.31
2027-08-15,4.19,3.0,5.63,4.96,4.57,2.8500000000000005,4.83,5.67,2.24,3.21,4.8,5.14,4.31
2027-08-22,4.19,3.0,5.63,4.96,4.57,2.85,4.83,5.67,2.24,3.21,4.8,5.14,4.31
2027-08-29,4.19,3.0,5.63,4.96,4.57,2.85,4.83,5.67,2.24,3.2100000000000004,4.8,5.14,4.31
2027-09-05,4.19,3.0,5.63,4.96,4.57,2.85,4.83,5.67,2.24,3.21,4.8,5.14,4.31
2027-09-12,,3.0,5.63,4.96,4.57,2.85,4.83,5.67,2.24,3.21,4.8,5.14,4.31
2027-09-19,4.19,3.0,5.63,4.96,4.57,2.85,4.83,5.669999999999999,2.24,3.2099999999999995,4.8,5.14,4.31
2027-09-26,4.19,3.0,5.63,4.96,4.57,2.85,4.83,5.67,2.24,3.21,4.8,5.14,4.31
2027-10-03,4.19,3.0,5.63,4.96,4.57,2.85,4.83,5.67,2.24,3.21,4.8,5.14,4.31
2027-10-10,4.19,3.0,5.630000000000001,4.96,4.57,2.85,4.83,5.67,2.24,3.21,4.8,5.14,4.31
2027-10-17,4.19,3.0,5.63,4.96,4.57,2.85,4.83,5.67,2.24,3.21,4.8,5.14,4.31
2027-10-24,4.19,3.0,5.63,4.96,4.57,2.8500000000000005,4.83,5.67,2.24,3.21,4.8,5.14,4.31
2027-10-31,4.19,3.0,5.63,4.96,4.57,2.85,4.83,5.67,2.24,3.21,4.8,5.14,4.31
2027-11-07,4.19,3.0,5.63,4.96,4.570000000000001,2.85,4.83,5.67,2.24,3.21,4.8,5.14,4.31
2027-11-14,4.19,3.0,5.63,4.96,4.57,2.85,4.83,5.72,2.24,3.2099999999999995,4.8,5.14,4.31
2027-11-21,4.19,3.0,5.63,4.96,4.57,2.85,4.83,5.72,2.24,3.21,4.8,5.14,4.31
2027-11-28,4.19,3.0,5.63,4.96,4.57,2.85,4.83,5.72,2.24,3.21,4.8,5.14,4.31
2027-12-05,4.19,3.0,5.63,4.96,4.57,2.85,4.83,5.72,2.24,3.21,4.8,5.14,4.31
2027-12-12,4.19,3.0,5.63,4.96,4.570000000000001,2.85,4.83,5.72,2.24,3.21,4.8,5.14,4.31
2027-12-19,4.19,3.0,5.63,4.96,4.57,2.85,4.83,5.72,2.24,3.21,4.8,5.14,4.31
2027-12-26,4.19,3.0,5.63,4.96,4.57,2.85,4.83,5.72,2.24,3.21,4.8,5.14,4.31
2028-01-02,4.19,3.0,5.63,4.96,4.57,2.85,4.83,5.72,2.24,3.21,4.8,5.14,4.31
2028-01-09,4.19,3.0,5.63,4.96,4.57,2.85,4.83,5.72,2.24,3.2099999999999995,4.8,5.14,4.31
2028-01-16,4.19,3.0,5.63,4.96,4.57,2.85,4.83,5.72,2.24,3.21,4.8,5.14,4.31
2028-01-23,4.19,3.0,5.63,4.96,4.57,2.85,4.83,5.72,2.24,3.2099999999999995,4.8,5.14,4.31
2028-01-30,4.19,3.0,5.63,4.96,4.57,2.8500000000000005,4.83,5.72,2.24,3.21,4.8,5.14,4.31
2028-02-06,4.19,3.0,5.630000000000001,4.96,4.57,2.85,4.83,5.72,2.24,3.21,4.8,5.14,4.31
2028-02-13,4.19,3.0,5.63,4.96,4.57,2.85,4.83,5.72,2.24,3.21,4.8,5.14,4.31
2028-02-20,4.19,3.0,5.63,4.96,4.57,2.85,4.83,5.72,2.24,3.21,4.8,5.14,4.31
2028-02-27,4.19,3.0,5.63,4.96,4.57,2.85,4.83,5.72,2.24,3.21,4.8,5.14,4.31
2028-03-05,4.19,3.0,5.63,4.96,4.57,2.85,4.83,5.72,2.24,3.2099999999999995,4.8,5.14,4.31
2028-03-12,4.19,3.0,5.63,4.96,4.57,2.85,4.83,5.72,2.24,3.21,4.8,5.14,4.31
2028-03-19,4.2,3.0,5.63,4.96,4.57,2.85,4.83,5.72,2.24,3.21,,5.14,4.31
2028-03-26,4.2,3.0,5.63,4.96,4.57,2.85,4.83,5.72,2.24,3.21,4.8,5.14,4.31
2028-04-02,4.2,3.0,5.63,4.96,4.57,2.85,4.83,5.72,2.24,3.2099999999999995,4.8,5.14,4.31
2028-04-09,4.2,3.0,5.63,4.96,4.57,2.85,4.83,5.72,2.24,3.21,4.8,5.14,4.31
2028-04-16,4.2,3.0,5.63,4.96,4.57,2.85,4.83,5.72,2.24,3.21,4.8,5.14,4.31
2028-04-23,4.2,3.0,5.63,4.96,4.57,2.85,4.83,5.72,2.24,3.21,4.8,5.14,4.31
2028-04-30,4.2,3.0,5.63,4.96,4.57,2.85,4.83,5.72,2.24,3.21,4.8,5.14,4.31
2028-05-07,4.2,3.0,5.63,4.96,4.57,2.85,4.83,5.72,2.24,3.21,4.8,5.14,4.31
2028-05-14,4.2,3.0,5.63,4.96,4.57,2.85,4.83,5.72,2.24,3.2100000000000004,4.8,5.14,4.31
2028-05-21,4.21,3.0,5.63,4.96,4.57,2.85,4.83,5.72,2.24,3.21,4.85,5.14,4.31
2028-05-28,4.21,3.0,5.63,4.96,4.57,2.85,4.83,5.72,2.24,3.2100000000000004,4.85,5.14,4.31
2028-06-04,4.21,3.0,5.63,4.96,4.57,2.85,4.83,5.72,2.24,3.21,4.85,5.14,4.31
2028-06-11,4.21,3.0,5.63,4.96,4.57,2.85,4.83,5.72,2.24,3.21,4.85,5.14,4.31
2028-06-18,4.21,3.0,5.63,4.96,4.57,2.85,4.83,5.72,2.24,3.2100000000000004,4.85,5.14,4.31
2028-06-25,4.21,3.0,5.63,,4.57,2.85,4.83,,,,,5.14,4.31
2028-07-02,4.21,3.5,5.63,4.96,4.57,2.8500000000000005,4.83,5.72,2.24,3.21,4.85,5.14,4.31
2028-07-09,4.21,3.5,5.63,4.96,4.57,2.8500000000000005,4.83,5.72,2.24,3.21,4.85,5.14,4.31
2028-07-16,4.21,3.5,5.63,4.96,4.57,2.8500000000000005,4.83,5.72,2.24,3.21,4.85,5.14,4.31
2028-07-23,4.21,3.5,5.63,4.96,4.57,2.85,4.83,5.72,2.24,3.21,4.85,5.14,4.31
2028-07-30,4.48,3.77,5.63,4.96,4.57,2.85,4.83,5.72,2.24,3.2099999999999995,4.85,5.14,4.31
2028-08-06,4.48,3.77,5.63,4.96,4.57,2.85,4.83,5.72,2.24,3.21,4.85,5.14,4.31
2028-08-13,4.5,3.77,5.63,4.96,4.57,2.85,4.83,5.72,2.29,3.21,4.85,5.64,4.31
2028-08-20,4.5,3.77,5.63,4.96,4.57,2.85,4.83,5.72,2.29,3.2099999999999995,4.85,5.64,4.31
2028-08-27,4.5,3.7700000000000005,5.63,4.96,4.57,2.85,4.83,5.77,2.29,3.21,4.85,5.64,4.31
2028-09-03,4.5,3.77,5.63,4.96,4.57,2.85,4.83,5.77,2.29,3.2099999999999995,4.85,,4.31
2028-09-10,4.5,3.77,5.63,4.96,4.570000000000001,2.85,4.83,5.77,2.29,3.21,4.85,5.64,4.31
2028-09-17,4.5,3.77,5.63,4.96,4.57,2.85,4.83,5.77,2.29,3.21,4.85,5.64,4.31
2028-09-24,4.5,3.77,5.63,4.96,4.57,2.85,4.83,5.77,2.29,3.2099999999999995,4.85,5.64,4.31
2028-10-01,4.5,3.7699999999999996,5.630000000000001,5.01,4.57,2.85,4.83,5.769999999999999,2.29,3.21,4.85,5.64,4.31
2028-10-08,4.5,3.77,5.63,5.01,4.57,2.85,4.83,5.77,2.29,3.21,4.85,5.64,4.31
2028-10-15,4.5,3.7700000000000005,5.63,5.01,4.57,2.85,5.04,5.77,2.29,3.21,4.97,5.64,4.31
2028-10-22,4.5,3.77,5.63,5.009999999999999,4.57,2.85,5.04,5.77,2.29,3.21,4.97,5.64,4.31
2028-10-29,4.5,3.77,5.63,5.01,4.57,2.85,5.04,5.77,2.29,3.2100000000000004,4.97,5.64,4.31
2028-11-05,4.5,3.7700000000000005,5.68,5.01,4.57,2.85,5.04,5.77,2.29,3.21,5.24,5.64,4.31
2028-11-12,4.5,3.77,5.68,5.01,4.57,2.85,5.04,5.77,2.29,3.21,5.24,5.64,4.31
2028-11-19,4.5,3.78,5.68,5.01,4.57,2.85,5.04,5.77,2.29,3.21,5.24,5.64,4.31
2028-11-26,4.5,3.78,5.68,5.01,4.57,2.85,5.04,5.7700000000000005,2.29,3.21,5.24,5.64,4.31
2028-12-03,4.52,3.78,5.68,5.01,4.57,2.85,5.04,5.77,2.29,3.21,5.24,5.64,4.31
2028-12-10,4.52,3.78,5.68,5.01,4.57,2.85,5.04,5.77,2.29,3.2099999999999995,5.24,5.64,4.31
2028-12-17,4.52,3.78,,5.01,4.57,2.85,5.04,5.77,2.31,3.21,5.24,5.64,4.31
2028-12-24,4.52,3.78,5.68,5.01,4.57,2.85,5.04,5.77,2.31,3.2099999999999995,5.24,5.64,4.31
2028-12-31,4.52,4.05,5.68,5.01,4.57,2.85,5.04,5.77,2.31,3.2100000000000004,5.24,5.64,4.31
2029-01-07,4.52,4.05,5.680000000000001,5.02,4.57,2.8500000000000005,5.04,5.77,2.31,3.21,5.24,5.64,4.31
2029-01-14,4.52,4.05,5.679999999999999,5.02,4.570000000000001,2.85,5.04,5.77,2.31,3.21,5.24,5.64,4.31
2029-01-21,4.52,4.05,5.68,5.02,4.57,2.85,5.04,5.77,2.31,3.21,5.24,5.64,4.31
2029-01-28,4.52,4.05,5.68,5.02,4.57,2.85,5.04,5.77,2.31,3.21,5.24,5.64,4.31
2029-02-04,4.52,4.05,5.68,5.02,4.57,2.85,5.04,5.77,2.31,3.21,5.24,5.64,4.31
2029-02-11,4.52,4.05,5.68,5.02,4.57,2.85,5.04,5.77,2.31,3.21,5.24,5.64,4.31
2029-02-18,4.52,4.05,5.68,5.02,4.57,2.85,5.04,5.77,2.31,3.21,5.24,5.64,4.31
2029-02-25,4.52,4.05,5.68,5.0200000000000005,4.57,2.85,5.04,5.7700000000000005,2.31,3.21,5.24,5.64,4.31
2029-03-04,4.52,4.05,5.68,5.02,4.73,2.85,,5.77,2.31,3.2099999999999995,5.24,,4.31
2029-03-11,4.52,4.05,5.68,5.02,4.73,2.85,5.04,5.77,2.31,3.21,5.24,5.64,4.31
2029-03-18,4.52,4.05,5.68,5.03,4.73,2.85,5.04,5.77,2.31,3.21,5.24,5.64,4.31
2029-03-25,4.52,4.05,5.68,5.03,4.73,2.85,5.04,5.77,2.31,3.21,5.24,5.64,4.31
2029-04-01,4.52,4.05,5.68,5.03,4.73,2.85,5.04,5.77,2.31,3.21,5.36,5.64,4.31
2029-04-08,4.52,4.05,5.68,5.03,4.73,2.85,5.04,5.77,2.31,3.2100000000000004,5.36,5.64,4.31
2029-04-15,4.52,4.05,5.68,5.03,4.73,2.85,5.04,5.77,2.31,3.2100000000000004,5.36,5.64,4.31
2029-04-22,4.52,4.05,5.68,5.03,4.73,2.85,5.04,5.77,2.31,3.21,5.36,5.64,4.31
2029-04-29,4.52,4.05,5.68,5.03,4.7299999999999995,2.85,5.04,5.7700000000000005,2.31,3.21,5.36,5.64,4.31
2029-05-06,4.52,4.05,5.68,5.03,4.73,2.85,5.04,5.77,2.31,3.21,5.36,5.64,4.31
2029-05-13,4.52,4.05,5.68,5.03,4.73,2.85,5.04,5.77,2.31,3.2100000000000004,5.36,5.64,4.31
2029-05-20,4.52,4.05,5.68,5.03,4.73,2.85,5.04,5.77,2.31,3.21,5.36,5.64,4.31
2029-05-27,4.52,4.05,5.680000000000001,5.03,4.73,2.8500000000000005,5.04,5.77,2.31,3.21,5.36,5.64,4.31
2029-06-03,4.52,4.05,5.68,5.03,4.73,2.85,5.04,5.77,2.31,3.21,5.48,5.64,4.31
2029-06-10,4.52,4.05,5.68,5.03,4.73,2.85,5.04,5.77,2.31,3.21,5.48,5.64,4.31
2029-06-17,4.52,4.05,5.679999999999999,5.03,4.73,2.85,5.04,5.77,2.31,3.21,5.48,5.64,4.31
2029-06-24,4.52,4.05,5.68,5.03,4.73,2.85,5.04,5.77,2.31,3.21,5.48,5.64,4.31
2029-07-01,4.52,4.05,5.68,5.03,4.7299999999999995,2.85,5.04,5.7700000000000005,2.31,3.21,5.4799999999999995,5.64,4.31
2029-07-08,4.52,4.05,5.68,5.03,4.73,2.85,5.04,5.77,2.31,3.21,5.48,5.64,4.31
2029-07-15,4.52,4.05,5.68,5.03,4.7299999999999995,2.85,5.04,5.7700000000000005,2.31,3.21,5.4799999999999995,5.64,4.31
2029-07-22,4.52,4.05,5.68,5.03,4.7299999999999995,2.85,5.04,5.7700000000000005,2.31,3.21,5.4799999999999995,5.64,4.31
2029-07-29,4.53,4.05,5.68,5.03,4.7299999999999995,2.85,5.04,5.7700000000000005,2.31,3.21,5.4799999999999995,5.64,4.31
2029-08-05,4.53,4.05,5.679999999999999,5.03,4.73,2.85,5.04,5.77,2.31,3.21,5.48,5.64,4.31
